     1 N.NTBH        44.93870      142.22470    -0.06156
     2 N.TSOH        44.89480      141.92510    -0.09863
     3 N.UNNH        44.85700      142.48680    -0.08156
     4 N.ONPH        44.77450      142.25420    -0.03700
     5 N.UNSH        44.74330      142.60390    -0.02856
     6 N.NAWH        44.66170      142.05280    -0.04100
     7 N.EBTH        44.63590      141.81870    -0.19060
     8 N.BFNH        44.59730      142.30360    -0.05151
     9 N.BFEH        44.55090      142.57360     0.16952
    10 N.OUMH        44.52760      142.84440     0.00348
    11 N.BFWH        44.47320      142.27250    -0.00151
    12 N.NYRH        44.43760      142.40560    -0.01751
    13 N.OPWH        44.42340      143.02640    -0.07652
    14 N.OPEH        44.38430      143.24070    -0.07152
    15 N.SWEH        44.32070      142.76560     0.09849
    16 N.SWWH        44.29210      142.63030    -0.14151
    17 N.HONH        44.28030      142.15940     0.15850
    18 N.YBNH        44.21460      143.62020    -0.09452
    19 N.TUNH        44.19200      143.07670    -0.06752
    20 N.HOCH        44.11600      142.14140     0.09850
    21 N.TUSH        44.11460      143.01110     0.14748
    22 N.OREH        44.09740      141.96210     0.00046
    23 N.SRMH        44.08130      143.94550    -0.29652
    24 N.SYNH        44.06400      144.99350    -0.04152
    25 N.ORWH        44.02540      141.78760    -0.08555
    26 N.HOSH        43.99940      142.12580     0.05400
    27 N.WSMH        43.97540      142.28340     0.08900
    28 N.SYSH        43.92710      144.80750    -0.11852
    29 N.MMBH        43.91440      144.19230    -0.08352
    30 N.KMZH        43.85660      144.45740    -0.09602
    31 N.KKAH        43.85460      142.76560     0.19050
    32 N.STKH        43.84940      143.08610     0.57048
    33 N.FGNH        43.82430      142.15940     0.09700
    34 N.NUMH        43.82030      141.93970    -0.00600
    35 N.STNH        43.78510      145.02460    -0.03150
    36 N.RBSH        43.74190      143.45140     0.21448
    37 N.BHRH        43.72280      144.18370    -0.01752
    38 N.FGSH        43.69480      142.07760    -0.06800
    39 N.STSH        43.67720      144.96180     0.06100
    40 N.OKEH        43.63520      143.51000     0.19048
    41 N.NSTH        43.55080      144.96650    -0.19850
    42 N.SUGH        43.51380      141.90900    -0.09292
    43 N.BEWH        43.51130      142.39060     0.14400
    44 N.BEEH        43.50380      142.60060     0.24200
    45 N.RKBH        43.46830      143.68300     0.12750
    46 N.ANNH        43.43610      144.08440     0.32300
    47 N.TOBH        43.40870      141.58360    -0.12103
    48 N.BKEH        43.39780      145.12240    -0.18700
    49 N.BKWH        43.39000      144.80210    -0.12900
    50 N.SCNH        43.38480      144.62790    -0.02500
    51 N.NFRH        43.38410      142.52450     0.23750
    52 N.AYEH        43.38220      143.89830     0.22400
    53 N.FRNH        43.36970      142.34090     0.09449
    54 N.SKNH        43.33370      142.94480     0.26400
    55 N.AYWH        43.27080      143.43170    -0.00200
    56 N.TRWH        43.25560      144.23380    -0.21652
    57 N.FBRH        43.23410      140.62280    -0.07300
    58 N.MSAH        43.23000      141.89780    -0.12600
    59 N.SSTH        43.22040      141.65230    -0.11851
    60 N.TREH        43.22000      144.42850    -0.20800
    61 N.SCSH        43.21390      144.68040    -0.21300
    62 N.HNKH        43.20840      145.11680    -0.22551
    63 N.SKSH        43.17390      142.91760     0.04700
    64 N.SNNH        43.16030      143.89360     0.07300
    65 N.TRSH        43.13580      144.32750    -0.18800
    66 N.HBTH        43.12130      143.61860    -0.03600
    67 N.ANSH        43.11410      144.12290    -0.07600
    68 N.AGWH        43.08420      140.81990    -0.07660
    69 N.KYMH        43.05870      141.80630    -0.09352
    70 N.TOMH        43.05330      140.50140    -0.07647
    71 N.SMPH        43.04060      142.65620     0.46749
    72 N.YUBH        42.99300      142.00850    -0.00592
    73 N.SNSH        42.98560      143.98410    -0.07400
    74 N.KYOH        42.97580      140.62200    -0.18110
    75 N.CCNH        42.95000      140.82230     0.13840
    76 N.MMRH        42.89200      143.06030    -0.13100
    77 N.CTSH        42.88800      141.63990    -0.24350
    78 N.SHZH        42.87420      142.88300     0.31800
    79 N.OIWH        42.87390      141.81910    -0.04212
    80 N.HOBH        42.87140      142.12850     0.07148
    81 N.RNKH        42.83090      140.48310    -0.09255
    82 N.TYRH        42.81140      143.52030    -0.09220
    83 N.SMMH        42.77970      140.15570    -0.06900
    84 N.KMBH        42.76800      140.97660     0.18400
    85 N.MKRH        42.76300      140.80840     0.12700
    86 N.BREH        42.70610      142.40540     0.11951
    87 N.BRWH        42.70310      142.22960    -0.01849
    88 N.AMAH        42.64860      141.86410    -0.14452
    89 N.OHTH        42.64760      141.06430     0.14848
    90 N.TURH        42.64150      140.66500     0.10998
    91 N.KMNH        42.61040      140.48410     0.03840
    92 N.NCPH        42.59770      142.54460     0.20348
    93 N.MBEH        42.59340      142.35210     0.05351
    94 N.SOIH        42.56290      141.34970    -0.15850
    95 N.MBWH        42.51260      142.03810    -0.21152
    96 N.TKIH        42.48650      143.15200     0.25900
    97 N.KHYH        42.48510      139.96790     0.05340
    98 N.MRRH        42.41160      141.00170    -0.16352
    99 N.SZNH        42.34980      142.35720    -0.10652
   100 N.KUMH        42.13440      140.00400    -0.03160
   101 N.SAMH        42.13300      142.91640    -0.06252
   102 N.ASBH        41.98560      140.30870    -0.01760
   103 N.KAIH        41.83740      140.63310    -0.35154
   104 N.SRUH        41.59770      140.42070    -0.14654
   105 N.OOMH        41.52730      140.91270    -0.09157
   106 N.SAIH        41.40490      140.85670    -0.17157
   107 N.KUCH        41.23400      140.98960    -0.08152
   108 N.RKSH        40.96640      141.37380    -0.09654
   109 N.NHJH        40.85640      141.10330    -0.26857
   110 N.AOMH        40.85240      140.67590    -0.29852
   111 N.AJSH        40.76180      140.31210    -0.11152
   112 N.FKUH        40.74510      140.02330    -0.07532
   113 N.IKIH        40.62000      140.34970    -0.00352
   114 N.KRIH        40.60910      140.66460    -0.00502
   115 N.TWEH        40.58460      141.15470    -0.01657
   116 N.TWWH        40.58000      140.99500     0.13842
   117 N.HHEH        40.57940      141.44510    -0.14158
   118 N.NYAH        40.54880      140.27260     0.05648
   119 N.OWNH        40.48410      140.55650     0.02848
   120 N.SHGH        40.46240      141.09230     0.16346
   121 N.NWAH        40.44920      141.33740    -0.05054
   122 N.TTKH        40.29620      141.01450     0.13346
   123 N.KRMH        40.27050      141.57090     0.13848
   124 N.KJNH        40.26860      141.78310     0.07408
   125 N.NHWH        40.26110      141.17090     0.12408
   126 N.NHEH        40.23830      141.34230     0.02848
   127 N.KHEH        40.15330      141.42450     0.26408
   128 N.ASRH        40.13910      140.95290     0.20708
   129 N.KJSH        40.08610      141.71200     0.13908
   130 N.IHEH        40.08110      141.19150     0.32808
   131 N.KZMH        39.93980      141.54920     0.46908
   132 N.TMYH        39.82500      141.38260     0.57118
   133 N.IWZH        39.80200      141.65200     0.20865
   134 N.TROH        39.74350      141.90870     0.09848
   135 N.KANH        39.64420      141.59770     0.20090
   136 N.SZKH        39.64360      140.94650     0.06048
   137 N.YHBH        39.61480      141.09290     0.07148
   138 N.YMDH        39.47340      141.93360    -0.08792
   139 N.KASH        39.46300      141.67750     0.45108
   140 N.HMNH        39.45590      141.00010     0.11874
   141 N.HMSH        39.34340      141.04730    -0.05169
   142 N.TOUH        39.33400      141.30150     0.15851
   143 N.KMIH        39.27410      141.82330    -0.06050
   144 N.KGSH        39.19790      141.01180     0.04838
   145 N.SMTH        39.18090      141.39090     0.51268
   146 N.RZTH        39.03070      141.53200    -0.02152
   147 N.IW2H        39.00950      140.86400     0.11493
   148 N.ICWH        39.00920      140.86380     0.12411
   149 N.ICEH        38.96900      141.00130     0.01598
   150 N.FSWH        38.86540      141.35120     0.01848
   151 N.KKWH        38.92070      141.63770    -0.03800
   152 N.NRKH        38.85870      140.65130     0.14092
   153 N.TOWH        38.78600      141.32540    -0.06600
   154 N.MSRH        38.69930      141.41760    -0.01165
   155 N.SZGH        38.64160      141.44280    -0.08473
   156 N.TAJH        38.59070      141.07100    -0.08108
   157 N.ONDH        38.57930      140.78040    -0.27900
   158 N.KAKH        38.51580      141.34210    -0.20233
   159 N.RIFH        38.34000      140.95510    -1.00440
   160 N.SNDH        38.24000      140.99690    -1.19800
   161 N.KWSH        38.18020      140.64050     0.04300
   162 N.IWNH        38.11330      140.84410    -0.09100
   163 N.SISH        38.00910      140.60270     0.02900
   164 N.YMMH        37.94110      140.89240    -0.18800
   165 N.KOSH        40.45630      140.83950     0.29863
   166 N.FSTH        40.31880      140.23410    -0.07637
   167 N.ODTH        40.30020      140.58120    -0.01640
   168 N.TSRH        40.27550      140.45960    -0.05760
   169 N.KZNH        40.06220      140.80840     0.21023
   170 N.ANIH        39.98190      140.40720     0.04360
   171 N.OGAH        39.95540      139.76230    -0.29537
   172 N.GJOH        39.91550      140.22210    -0.01138
   173 N.NSNH        39.81470      140.57900     0.21663
   174 N.KWAH        39.68840      140.40750     0.06363
   175 N.NSSH        39.66340      140.57210    -0.00637
   176 N.NSEH        39.55750      140.61160    -0.08337
   177 N.NSBH        39.54500      140.34810    -0.13537
   178 N.OMRH        39.35480      140.38690    -0.03637
   179 N.YJMH        39.22230      140.12830     0.04063
   180 N.YUZH        39.19130      140.47100    -0.10710
   181 N.HNRH        39.17400      140.71290     0.17843
   182 N.CHKH        39.07180      140.31850     0.07363
   183 N.OGCH        38.98010      140.49520     0.18343
   184 N.YWTH        38.97010      140.03330     0.00720
   185 N.TZWH        38.74980      140.17800    -0.13650
   186 N.MGMH        38.71320      140.55460     0.14450
   187 N.FGTH        38.71070      140.37440    -0.09945
   188 N.TCKH        38.63570      140.00550     0.11553
   189 N.ASAH        38.47040      139.76060     0.15955
   190 N.NKEH        38.42570      140.12490     0.20343
   191 N.NKWH        38.38600      139.99160     0.36048
   192 N.TDOH        38.38410      140.38050    -0.09500
   193 N.YGTH        38.26900      140.25770    -0.02149
   194 N.NYOH        38.10350      140.15530     0.16300
   195 N.KMYH        38.08130      140.29780     0.21400
   196 N.ONIH        37.98810      139.80160     0.17200
   197 N.THTH        37.96330      140.18360     0.08700
   198 N.YNZH        37.89600      140.02780     0.15100
   199 N.FKSH        37.76430      140.37660    -0.16600
   200 N.NAZH        37.75650      139.71500     0.33670
   201 N.ATKH        37.73170      139.88210     0.22890
   202 N.KMAH        37.66360      140.59740     0.10400
   203 N.INWH        37.64610      140.17350     0.65590
   204 N.TSTH        37.60780      139.75330     0.09700
   205 N.NMEH        37.49110      140.98710    -0.09800
   206 N.MRUH        37.48940      140.53800     0.30900
   207 N.MKJH        37.47030      140.72270     0.40845
   208 N.ATDH        37.45080      139.81260     0.00930
   209 N.KRYH        37.35300      140.42640     0.05900
   210 N.TDMH        37.34210      139.31470     0.17477
   211 N.NNMH        37.28220      140.21440     0.23700
   212 N.SMGH        37.25440      139.87250     0.38950
   213 N.HTAH        37.21690      140.57030     0.36400
   214 N.YBKH        37.20060      140.33860     0.16920
   215 N.INAH        37.17230      139.51990     0.47090
   216 N.NGUH        37.16160      140.09300     0.36390
   217 N.IWEH        37.02640      140.97020    -0.14500
   218 N.HMTH        37.01030      139.37550     0.77310
   219 N.IWWH        36.99510      140.58530     0.47400
   220 N.KI2H        36.88090      140.65450     0.29335
   221 N.KIBH        36.88080      140.65440     0.29777
   222 N.DGOH        36.83690      140.31810     0.00843
   223 N.THGH        36.79550      140.57500     0.40364
   224 N.JUOH        36.69220      140.54840     0.22845
   225 N.YMAH        36.64050      140.39760    -0.21157
   226 N.GZNH        36.55660      140.30130    -0.06357
   227 N.JHKH        36.43900      140.35590    -0.05662
   228 N.IWSH        36.37010      140.14010    -0.03760
   229 N.NMTH        36.36540      140.58050    -0.07433
   230 N.HTKH        36.36310      140.61980    -0.48557
   231 N.YSTH        36.25580      140.20280    -0.07773
   232 N.TSKH        36.21370      140.08930    -0.03602
   233 N.TYOH        36.11880      140.56210    -1.16000
   234 N.ISGH        36.11120      139.98890    -0.73943
   235 N.KGRH        36.08640      140.31400    -0.49157
   236 N.FJWH        36.98640      139.69290     0.66500
   237 N.FJ2H        36.98530      139.69220     0.52968
   238 N.OT2H        36.90600      140.11190     0.10247
   239 N.KYEH        36.88280      139.64590     0.49749
   240 N.KYWH        36.88170      139.45340     0.98349
   241 N.YITH        36.86250      139.83640     0.45949
   242 N.BTOH        36.73420      140.17810    -0.00651
   243 N.IICH        36.70840      139.76940     0.08849
   244 N.UJEH        36.69590      139.98420     0.04049
   245 N.ASOH        36.63430      139.46140     0.75000
   246 N.UMYH        36.55950      139.86370    -0.17651
   247 N.MOTH        36.55660      140.21340     0.14000
   248 N.AWNH        36.55090      139.61540     0.07849
   249 N.HGAH        36.54800      140.07510    -0.00849
   250 N.MOKH        36.44580      139.95090    -1.57798
   251 N.OHRH        36.35990      139.68770     0.10500
   252 N.MN2H        36.86200      139.06270     0.55452
   253 N.MNKH        36.84150      139.05560     0.77200
   254 N.TNEH        36.69980      139.21040     0.44443
   255 N.TAYH        36.62130      138.90690     0.34343
   256 N.OMMH        36.50030      139.31800     0.46300
   257 N.MDRH        36.49310      139.32190     0.15845
   258 N.TUMH        36.49170      138.52440     0.88843
   259 N.HRNH        36.46320      138.85310     0.98000
   260 N.ISSH        36.31430      139.18470    -1.94300
   261 N.TMOH        36.28620      138.92100    -0.05057
   262 N.TBYH        36.24410      139.54430    -1.18000
   263 N.SMNH        36.23560      138.72910     0.23843
   264 N.MNBH        36.14430      138.91420     0.89500
   265 N.KNAH        36.14400      138.91290     0.82673
   266 N.KIZH        36.15090      139.05040     0.04843
   267 N.KWTH        36.11310      139.28940    -0.12157
   268 N.MNAH        36.07150      139.09930     0.04148
   269 N.YMIH        36.05090      139.43640    -0.05162
   270 N.OGOH        36.02740      138.96910     0.19348
   271 N.AHIH        38.27990      139.54860    -0.07199
   272 N.ARKH        38.13260      139.42920    -0.21652
   273 N.SKWH        38.13120      139.54260    -0.02352
   274 N.SROH        37.97590      139.27880    -0.14152
   275 N.TWAH        37.67080      139.46480    -0.23352
   276 N.MRMH        37.66580      139.26100    -0.03302
   277 N.KMOH        37.65270      139.06760    -0.07152
   278 N.KMKH        37.54380      139.36480     0.11648
   279 N.STDH        37.53860      139.12790    -0.00852
   280 N.NGOH        37.42540      138.88560    -0.01706
   281 N.YNTH        37.22390      138.98210    -0.00023
   282 N.KWNH        37.17280      138.74400    -0.04023
   283 N.MAKH        37.05440      138.39660     0.12977
   284 N.MUIH        37.05330      138.99510     0.25777
   285 N.SZWH        37.03030      138.85210    -0.20223
   286 N.MKOH        36.94250      138.25940     0.12977
   287 N.MKGH        36.85680      138.09670     1.15343
   288 N.YZWH        36.81140      138.78490     0.88477
   289 N.NZWH        36.91020      138.44080     0.45846
   290 N.NKNH        36.74310      138.37590     0.17851
   291 N.TGKH        36.70750      138.09640     0.81346
   292 N.SSSH        36.57700      138.04790     0.40146
   293 N.KMDH        36.46630      138.14740     0.29043
   294 N.CHHH        36.40220      138.02080     0.62305
   295 N.MYTH        36.33080      138.49670     0.13448
   296 N.MANH        36.31270      138.01670     0.80000
   297 N.TKSH        36.28590      138.24910     0.50351
   298 N.MNYH        36.19870      138.01220     0.83000
   299 N.USDH        36.18440      138.56110     0.97000
   300 N.SAKH        36.14250      138.55040     0.75848
   301 N.SSWH        36.10880      138.12970     0.98721
   302 N.SSGH        36.02330      138.14000     0.81100
