     1 N.WNNH        45.48830      141.88500    -0.15906
     2 N.SFNH        45.33460      142.11850    -0.08160
     3 N.WNWH        45.25310      141.63340    -0.13060
     4 N.WNEH        45.23030      141.88060    -0.17460
     5 N.SFSH        45.21630      142.22540    -0.09660
     6 N.TYTH        45.10190      141.78310    -0.12156
     7 N.HTBH        45.10010      142.43070    -0.14456
     8 N.HNBH        45.01670      142.07950    -0.07163
     9 N.NTBH        44.93870      142.22470    -0.06156
    10 N.TSOH        44.89480      141.92510    -0.09863
    11 N.UNNH        44.85700      142.48680    -0.08156
    12 N.ONPH        44.77450      142.25420    -0.03700
    13 N.UNSH        44.74330      142.60390    -0.02856
    14 N.NAWH        44.66170      142.05280    -0.04100
    15 N.EBTH        44.63590      141.81870    -0.19060
    16 N.BFNH        44.59730      142.30360    -0.05151
    17 N.BFEH        44.55090      142.57360     0.16952
    18 N.OUMH        44.52760      142.84440     0.00348
    19 N.BFWH        44.47320      142.27250    -0.00151
    20 N.NYRH        44.43760      142.40560    -0.01751
    21 N.OPWH        44.42340      143.02640    -0.07652
    22 N.OPEH        44.38430      143.24070    -0.07152
    23 N.SWEH        44.32070      142.76560     0.09849
    24 N.SWWH        44.29210      142.63030    -0.14151
    25 N.HONH        44.28030      142.15940     0.15850
    26 N.YBNH        44.21460      143.62020    -0.09452
    27 N.TUNH        44.19200      143.07670    -0.06752
    28 N.HOCH        44.11600      142.14140     0.09850
    29 N.TUSH        44.11460      143.01110     0.14748
    30 N.OREH        44.09740      141.96210     0.00046
    31 N.SRMH        44.08130      143.94550    -0.29652
    32 N.SYNH        44.06400      144.99350    -0.04152
    33 N.ORWH        44.02540      141.78760    -0.08555
    34 N.HOSH        43.99940      142.12580     0.05400
    35 N.WSMH        43.97540      142.28340     0.08900
    36 N.SYSH        43.92710      144.80750    -0.11852
    37 N.MMBH        43.91440      144.19230    -0.08352
    38 N.KMZH        43.85660      144.45740    -0.09602
    39 N.KKAH        43.85460      142.76560     0.19050
    40 N.STKH        43.84940      143.08610     0.57048
    41 N.FGNH        43.82430      142.15940     0.09700
    42 N.NUMH        43.82030      141.93970    -0.00600
    43 N.STNH        43.78510      145.02460    -0.03150
    44 N.RBSH        43.74190      143.45140     0.21448
    45 N.BHRH        43.72280      144.18370    -0.01752
    46 N.FGSH        43.69480      142.07760    -0.06800
    47 N.STSH        43.67720      144.96180     0.06100
    48 N.OKEH        43.63520      143.51000     0.19048
    49 N.NSTH        43.55080      144.96650    -0.19850
    50 N.SUGH        43.51380      141.90900    -0.09292
    51 N.BEWH        43.51130      142.39060     0.14400
    52 N.BEEH        43.50380      142.60060     0.24200
    53 N.RKBH        43.46830      143.68300     0.12750
    54 N.ANNH        43.43610      144.08440     0.32300
    55 N.TOBH        43.40870      141.58360    -0.12103
    56 N.BKEH        43.39780      145.12240    -0.18700
    57 N.BKWH        43.39000      144.80210    -0.12900
    58 N.SCNH        43.38480      144.62790    -0.02500
    59 N.NFRH        43.38410      142.52450     0.23750
    60 N.AYEH        43.38220      143.89830     0.22400
    61 N.FRNH        43.36970      142.34090     0.09449
    62 N.SKNH        43.33370      142.94480     0.26400
    63 N.AYWH        43.27080      143.43170    -0.00200
    64 N.TRWH        43.25560      144.23380    -0.21652
    65 N.FBRH        43.23410      140.62280    -0.07300
    66 N.MSAH        43.23000      141.89780    -0.12600
    67 N.SSTH        43.22040      141.65230    -0.11851
    68 N.TREH        43.22000      144.42850    -0.20800
    69 N.SCSH        43.21390      144.68040    -0.21300
    70 N.HNKH        43.20840      145.11680    -0.22551
    71 N.SKSH        43.17390      142.91760     0.04700
    72 N.SNNH        43.16030      143.89360     0.07300
    73 N.TRSH        43.13580      144.32750    -0.18800
    74 N.HBTH        43.12130      143.61860    -0.03600
    75 N.ANSH        43.11410      144.12290    -0.07600
    76 N.AGWH        43.08420      140.81990    -0.07660
    77 N.KYMH        43.05870      141.80630    -0.09352
    78 N.TOMH        43.05330      140.50140    -0.07647
    79 N.SMPH        43.04060      142.65620     0.46749
    80 N.YUBH        42.99300      142.00850    -0.00592
    81 N.SNSH        42.98560      143.98410    -0.07400
    82 N.KYOH        42.97580      140.62200    -0.18110
    83 N.CCNH        42.95000      140.82230     0.13840
    84 N.MMRH        42.89200      143.06030    -0.13100
    85 N.CTSH        42.88800      141.63990    -0.24350
    86 N.SHZH        42.87420      142.88300     0.31800
    87 N.OIWH        42.87390      141.81910    -0.04212
    88 N.HOBH        42.87140      142.12850     0.07148
    89 N.RNKH        42.83090      140.48310    -0.09255
    90 N.TYRH        42.81140      143.52030    -0.09220
    91 N.SMMH        42.77970      140.15570    -0.06900
    92 N.KMBH        42.76800      140.97660     0.18400
    93 N.MKRH        42.76300      140.80840     0.12700
    94 N.BREH        42.70610      142.40540     0.11951
    95 N.BRWH        42.70310      142.22960    -0.01849
    96 N.AMAH        42.64860      141.86410    -0.14452
    97 N.OHTH        42.64760      141.06430     0.14848
    98 N.TURH        42.64150      140.66500     0.10998
    99 N.KMNH        42.61040      140.48410     0.03840
   100 N.NCPH        42.59770      142.54460     0.20348
   101 N.MBEH        42.59340      142.35210     0.05351
   102 N.SOIH        42.56290      141.34970    -0.15850
   103 N.MBWH        42.51260      142.03810    -0.21152
   104 N.TKIH        42.48650      143.15200     0.25900
   105 N.KHYH        42.48510      139.96790     0.05340
   106 N.MRRH        42.41160      141.00170    -0.16352
   107 N.SZNH        42.34980      142.35720    -0.10652
   108 N.KUMH        42.13440      140.00400    -0.03160
   109 N.SAMH        42.13300      142.91640    -0.06252
   110 N.ASBH        41.98560      140.30870    -0.01760
   111 N.KAIH        41.83740      140.63310    -0.35154
   112 N.SRUH        41.59770      140.42070    -0.14654
   113 N.OOMH        41.52730      140.91270    -0.09157
   114 N.SAIH        41.40490      140.85670    -0.17157
   115 N.KUCH        41.23400      140.98960    -0.08152
   116 N.RKSH        40.96640      141.37380    -0.09654
   117 N.NHJH        40.85640      141.10330    -0.26857
   118 N.AOMH        40.85240      140.67590    -0.29852
   119 N.AJSH        40.76180      140.31210    -0.11152
   120 N.FKUH        40.74510      140.02330    -0.07532
   121 N.IKIH        40.62000      140.34970    -0.00352
   122 N.KRIH        40.60910      140.66460    -0.00502
   123 N.TWEH        40.58460      141.15470    -0.01657
   124 N.TWWH        40.58000      140.99500     0.13842
   125 N.HHEH        40.57940      141.44510    -0.14158
   126 N.NYAH        40.54880      140.27260     0.05648
   127 N.OWNH        40.48410      140.55650     0.02848
   128 N.SHGH        40.46240      141.09230     0.16346
   129 N.NWAH        40.44920      141.33740    -0.05054
   130 N.TTKH        40.29620      141.01450     0.13346
   131 N.KRMH        40.27050      141.57090     0.13848
   132 N.KJNH        40.26860      141.78310     0.07408
   133 N.NHWH        40.26110      141.17090     0.12408
   134 N.NHEH        40.23830      141.34230     0.02848
   135 N.KHEH        40.15330      141.42450     0.26408
   136 N.ASRH        40.13910      140.95290     0.20708
   137 N.KJSH        40.08610      141.71200     0.13908
   138 N.IHEH        40.08110      141.19150     0.32808
   139 N.KZMH        39.93980      141.54920     0.46908
   140 N.TMYH        39.82500      141.38260     0.57118
   141 N.IWZH        39.80200      141.65200     0.20865
   142 N.TROH        39.74350      141.90870     0.09848
   143 N.KANH        39.64420      141.59770     0.20090
   144 N.SZKH        39.64360      140.94650     0.06048
   145 N.YHBH        39.61480      141.09290     0.07148
   146 N.YMDH        39.47340      141.93360    -0.08792
   147 N.KASH        39.46300      141.67750     0.45108
   148 N.HMNH        39.45590      141.00010     0.11874
   149 N.HMSH        39.34340      141.04730    -0.05169
   150 N.TOUH        39.33400      141.30150     0.15851
   151 N.KMIH        39.27410      141.82330    -0.06050
   152 N.KGSH        39.19790      141.01180     0.04838
   153 N.SMTH        39.18090      141.39090     0.51268
   154 N.RZTH        39.03070      141.53200    -0.02152
   155 N.IW2H        39.00950      140.86400     0.11493
   156 N.ICWH        39.00920      140.86380     0.12411
   157 N.ICEH        38.96900      141.00130     0.01598
   158 N.FSWH        38.86540      141.35120     0.01848
   159 N.KKWH        38.92070      141.63770    -0.03800
   160 N.NRKH        38.85870      140.65130     0.14092
   161 N.TOWH        38.78600      141.32540    -0.06600
   162 N.MSRH        38.69930      141.41760    -0.01165
   163 N.SZGH        38.64160      141.44280    -0.08473
   164 N.TAJH        38.59070      141.07100    -0.08108
   165 N.ONDH        38.57930      140.78040    -0.27900
   166 N.KAKH        38.51580      141.34210    -0.20233
   167 N.RIFH        38.34000      140.95510    -1.00440
   168 N.SNDH        38.24000      140.99690    -1.19800
   169 N.KWSH        38.18020      140.64050     0.04300
   170 N.IWNH        38.11330      140.84410    -0.09100
   171 N.SISH        38.00910      140.60270     0.02900
   172 N.YMMH        37.94110      140.89240    -0.18800
   173 N.KOSH        40.45630      140.83950     0.29863
   174 N.FSTH        40.31880      140.23410    -0.07637
   175 N.ODTH        40.30020      140.58120    -0.01640
   176 N.TSRH        40.27550      140.45960    -0.05760
   177 N.KZNH        40.06220      140.80840     0.21023
   178 N.ANIH        39.98190      140.40720     0.04360
   179 N.OGAH        39.95540      139.76230    -0.29537
   180 N.GJOH        39.91550      140.22210    -0.01138
   181 N.NSNH        39.81470      140.57900     0.21663
   182 N.KWAH        39.68840      140.40750     0.06363
   183 N.NSSH        39.66340      140.57210    -0.00637
   184 N.NSEH        39.55750      140.61160    -0.08337
   185 N.NSBH        39.54500      140.34810    -0.13537
   186 N.OMRH        39.35480      140.38690    -0.03637
   187 N.YJMH        39.22230      140.12830     0.04063
   188 N.YUZH        39.19130      140.47100    -0.10710
   189 N.HNRH        39.17400      140.71290     0.17843
   190 N.CHKH        39.07180      140.31850     0.07363
   191 N.OGCH        38.98010      140.49520     0.18343
   192 N.YWTH        38.97010      140.03330     0.00720
   193 N.TZWH        38.74980      140.17800    -0.13650
   194 N.MGMH        38.71320      140.55460     0.14450
   195 N.FGTH        38.71070      140.37440    -0.09945
   196 N.TCKH        38.63570      140.00550     0.11553
   197 N.ASAH        38.47040      139.76060     0.15955
   198 N.NKEH        38.42570      140.12490     0.20343
   199 N.NKWH        38.38600      139.99160     0.36048
   200 N.TDOH        38.38410      140.38050    -0.09500
   201 N.YGTH        38.26900      140.25770    -0.02149
   202 N.NYOH        38.10350      140.15530     0.16300
   203 N.KMYH        38.08130      140.29780     0.21400
   204 N.ONIH        37.98810      139.80160     0.17200
   205 N.THTH        37.96330      140.18360     0.08700
   206 N.YNZH        37.89600      140.02780     0.15100
   207 N.FKSH        37.76430      140.37660    -0.16600
   208 N.NAZH        37.75650      139.71500     0.33670
   209 N.ATKH        37.73170      139.88210     0.22890
   210 N.KMAH        37.66360      140.59740     0.10400
   211 N.INWH        37.64610      140.17350     0.65590
   212 N.TSTH        37.60780      139.75330     0.09700
   213 N.NMEH        37.49110      140.98710    -0.09800
   214 N.MRUH        37.48940      140.53800     0.30900
   215 N.MKJH        37.47030      140.72270     0.40845
   216 N.ATDH        37.45080      139.81260     0.00930
   217 N.KRYH        37.35300      140.42640     0.05900
   218 N.TDMH        37.34210      139.31470     0.17477
   219 N.NNMH        37.28220      140.21440     0.23700
   220 N.SMGH        37.25440      139.87250     0.38950
   221 N.HTAH        37.21690      140.57030     0.36400
   222 N.YBKH        37.20060      140.33860     0.16920
   223 N.INAH        37.17230      139.51990     0.47090
   224 N.NGUH        37.16160      140.09300     0.36390
   225 N.IWEH        37.02640      140.97020    -0.14500
   226 N.HMTH        37.01030      139.37550     0.77310
   227 N.IWWH        36.99510      140.58530     0.47400
   228 N.KI2H        36.88090      140.65450     0.29335
   229 N.KIBH        36.88080      140.65440     0.29777
   230 N.DGOH        36.83690      140.31810     0.00843
   231 N.THGH        36.79550      140.57500     0.40364
   232 N.JUOH        36.69220      140.54840     0.22845
   233 N.YMAH        36.64050      140.39760    -0.21157
   234 N.GZNH        36.55660      140.30130    -0.06357
   235 N.JHKH        36.43900      140.35590    -0.05662
   236 N.IWSH        36.37010      140.14010    -0.03760
   237 N.NMTH        36.36540      140.58050    -0.07433
   238 N.HTKH        36.36310      140.61980    -0.48557
   239 N.YSTH        36.25580      140.20280    -0.07773
   240 N.TSKH        36.21370      140.08930    -0.03602
   241 N.TYOH        36.11880      140.56210    -1.16000
   242 N.ISGH        36.11120      139.98890    -0.73943
   243 N.KGRH        36.08640      140.31400    -0.49157
   244 N.TBSH        35.98140      140.10500    -0.92900
   245 N.EDSH        35.95090      140.33020    -1.20000
   246 N.MORH        35.94510      140.00150     0.00100
   247 N.HASH        35.82910      140.73220    -0.78426
   248 N.HA2H        35.82840      140.73230    -0.91843
   249 N.FJWH        36.98640      139.69290     0.66500
   250 N.FJ2H        36.98530      139.69220     0.52968
   251 N.OT2H        36.90600      140.11190     0.10247
   252 N.KYEH        36.88280      139.64590     0.49749
   253 N.KYWH        36.88170      139.45340     0.98349
   254 N.YITH        36.86250      139.83640     0.45949
   255 N.BTOH        36.73420      140.17810    -0.00651
   256 N.IICH        36.70840      139.76940     0.08849
   257 N.UJEH        36.69590      139.98420     0.04049
   258 N.ASOH        36.63430      139.46140     0.75000
   259 N.UMYH        36.55950      139.86370    -0.17651
   260 N.MOTH        36.55660      140.21340     0.14000
   261 N.AWNH        36.55090      139.61540     0.07849
   262 N.HGAH        36.54800      140.07510    -0.00849
   263 N.MOKH        36.44580      139.95090    -1.57798
   264 N.OHRH        36.35990      139.68770     0.10500
   265 N.MN2H        36.86200      139.06270     0.55452
   266 N.MNKH        36.84150      139.05560     0.77200
   267 N.TNEH        36.69980      139.21040     0.44443
   268 N.TAYH        36.62130      138.90690     0.34343
   269 N.OMMH        36.50030      139.31800     0.46300
   270 N.MDRH        36.49310      139.32190     0.15845
   271 N.TUMH        36.49170      138.52440     0.88843
   272 N.HRNH        36.46320      138.85310     0.98000
   273 N.ISSH        36.31430      139.18470    -1.94300
   274 N.TMOH        36.28620      138.92100    -0.05057
   275 N.TBYH        36.24410      139.54430    -1.18000
   276 N.SMNH        36.23560      138.72910     0.23843
   277 N.MNBH        36.14430      138.91420     0.89500
   278 N.KNAH        36.14400      138.91290     0.82673
   279 N.KIZH        36.15090      139.05040     0.04843
   280 N.KWTH        36.11310      139.28940    -0.12157
   281 N.MNAH        36.07150      139.09930     0.04148
   282 N.YMIH        36.05090      139.43640    -0.05162
   283 N.OGOH        36.02740      138.96910     0.19348
   284 N.TO2H        35.99690      139.21940     0.08039
   285 N.IWTH        35.92900      139.73490    -3.50230
   286 N.NGRH        35.91180      139.14850     0.23700
   287 N.HDKH        35.89900      139.38430    -1.74900
   288 N.HHNH        35.86370      139.27260     0.05198
   289 N.TKRH        35.80280      139.53530    -1.97000
   290 N.NRTH        35.83070      140.29800    -1.28800
   291 N.SHMH        35.79660      140.02060    -2.27719
   292 N.CH2H        35.73420      140.82300    -0.52456
   293 N.YKIH        35.72180      140.50550    -0.14210
   294 N.SSAH        35.72150      140.50460    -0.14661
   295 N.CHSH        35.70560      140.85170    -0.04402
   296 N.HSNH        35.59430      140.51070    -1.64039
   297 N.CBAH        35.54580      140.24170    -1.93500
   298 N.ICHH        35.40420      140.17360    -0.14603
   299 N.FUTH        35.34450      139.85540    -1.99700
   300 N.YROH        35.28670      140.15290    -1.92000
   301 N.KTUH        35.18030      140.26560    -0.01249
   302 N.KT2H        35.17140      140.33980    -0.81327
   303 N.KMWH        35.13840      139.96490    -1.77982
   304 N.MINH        35.10520      139.98760     0.16000
   305 N.IWKH        35.10150      139.86790    -0.00500
   306 N.KMSH        35.08820      140.09970    -0.27965
   307 N.TYMH        34.97460      139.84510     0.06000
   308 N.CKRH        34.97070      139.94590    -0.69780
   309 N.TY2H        34.95910      139.78850    -0.47156
   310 N.HHRH        35.73850      139.07320     0.60500
   311 N.HH2H        35.70170      139.12750     0.25843
   312 N.HOJH        35.67010      139.26500     0.06143
   313 N.FCHH        35.65390      139.47040    -2.70650
   314 N.KOTH        35.61140      139.81250    -2.99400
   315 N.NJMH        34.42360      139.28280     0.02000
   316 N.KHZH        34.19930      139.13530     0.06000
   317 N.MKEH        34.10920      139.50600     0.07523
   318 N.HCJH        33.07710      139.83960     0.04000
   319 N.FJOH        35.64370      139.12830     0.21843
   320 N.HRMH        35.55410      139.67620    -0.53570
   321 N.AKWH        35.52320      139.31490    -0.00776
   322 N.YKHH        35.49910      139.51950    -1.93800
   323 N.YMKH        35.49040      139.05940     0.56431
   324 N.KIYH        35.46280      139.21460     0.24343
   325 N.KRKH        35.44430      139.11570     0.51452
   326 N.YM2H        35.41730      139.04360     0.22843
   327 N.ATGH        35.40400      139.35390    -1.78800
   328 N.YFTH        35.37000      139.61840    -0.03750
   329 N.MTDH        35.36630      139.12600     0.35793
   330 N.YKSH        35.35830      139.09100    -1.84477
   331 N.HRTH        35.32030      139.30880    -0.01400
   332 N.ASGH        35.31680      139.02470     0.38561
   333 N.HYMH        35.26240      139.61100    -0.00010
   334 N.ODWH        35.25240      139.10420     0.19200
   335 N.YSKH        35.21100      139.69640    -0.18932
   336 N.MNZH        35.14580      139.15000    -0.15000
   337 N.AHIH        38.27990      139.54860    -0.07199
   338 N.ARKH        38.13260      139.42920    -0.21652
   339 N.SKWH        38.13120      139.54260    -0.02352
   340 N.SROH        37.97590      139.27880    -0.14152
   341 N.TWAH        37.67080      139.46480    -0.23352
   342 N.MRMH        37.66580      139.26100    -0.03302
   343 N.KMOH        37.65270      139.06760    -0.07152
   344 N.KMKH        37.54380      139.36480     0.11648
   345 N.STDH        37.53860      139.12790    -0.00852
   346 N.NGOH        37.42540      138.88560    -0.01706
   347 N.YNTH        37.22390      138.98210    -0.00023
   348 N.KWNH        37.17280      138.74400    -0.04023
   349 N.MAKH        37.05440      138.39660     0.12977
   350 N.MUIH        37.05330      138.99510     0.25777
   351 N.SZWH        37.03030      138.85210    -0.20223
   352 N.MKOH        36.94250      138.25940     0.12977
   353 N.IGWH        36.93780      137.84800     0.04877
   354 N.MKGH        36.85680      138.09670     1.15343
   355 N.YZWH        36.81140      138.78490     0.88477
   356 N.HIMH        36.88660      136.92760    -0.17152
   357 N.UOZH        36.79140      137.46890     0.05248
   358 N.TOYH        36.72940      137.26270    -0.56872
   359 N.DMOH        36.71420      137.03780    -0.20852
   360 N.KHTH        36.67050      137.42400     0.23805
   361 N.IMIH        36.57360      136.95840    -0.05512
   362 N.YTOH        36.57110      137.15950    -0.09152
   363 N.TOGH        36.44060      137.03920     0.56848
   364 N.SUZH        37.52660      137.28440    -0.15399
   365 N.YGDH        37.36440      137.04130     0.01748
   366 N.UCUH        37.34580      137.24360    -0.18947
   367 N.WMZH        37.29060      136.75780    -0.04195
   368 N.AMZH        37.22240      136.96890    -0.05052
   369 N.TGIH        37.19020      136.71760    -0.06197
   370 N.SHKH        37.05330      136.82060    -0.18197
   371 N.TBTH        36.73800      136.79060     0.01748
   372 N.KNZH        36.51500      136.63570    -0.70067
   373 N.OKCH        36.26670      136.71680     0.45298
   374 N.EIHH        36.09550      136.36170    -0.03648
   375 N.OTAH        35.94830      136.05560     0.01848
   376 N.IZUH        35.94150      136.69900     0.30850
   377 N.TRGH        35.63900      136.03030    -0.11352
   378 N.MIKH        35.55870      135.86940    -0.19852
   379 N.TKHH        35.49070      135.48410     0.05851
   380 N.OBMH        35.45730      135.72660    -0.06302
   381 N.SDMH        35.86750      138.57390     1.27043
   382 N.HQNH        35.85010      138.26440     1.10195
   383 N.HQSH        35.79740      138.29820     0.72355
   384 N.NRSH        35.76040      138.38740     0.53355
   385 N.KF2H        35.74210      138.56530     0.33738
   386 N.ENZH        35.73920      138.80190     0.80132
   387 N.NSHH        35.68950      138.73400    -0.83101
   388 N.ASYH        35.63860      138.37030     0.81000
   389 N.OOKH        35.62470      138.97770     0.26346
   390 N.MSFH        35.56230      138.44900     0.14596
   391 N.HYNH        35.53510      138.30870     0.58646
   392 N.KKKH        35.53230      138.60450     0.40798
   393 N.TR2H        35.51530      138.88380     0.15080
   394 N.TRUH        35.51380      138.94080     0.56758
   395 N.TU2H        35.51150      138.96750     0.75843
   396 N.SHJH        35.49560      138.60860     0.95000
   397 N.HYKH        35.43270      138.33250     0.23338
   398 N.SMBH        35.41890      138.48030     0.20122
   399 N.MBUH        35.35090      138.42030     0.04946
   400 N.NZWH        36.91020      138.44080     0.45846
   401 N.OTNH        36.80890      137.90390     0.53805
   402 N.NKNH        36.74310      138.37590     0.17851
   403 N.TGKH        36.70750      138.09640     0.81346
   404 N.HBAH        36.69840      137.84820     0.09501
   405 N.HKKH        36.64400      137.85940     0.69805
   406 N.OSTH        36.63170      137.96560     0.49305
   407 N.SSSH        36.57700      138.04790     0.40146
   408 N.SNBH        36.55330      137.94150     0.70500
   409 N.OM2H        36.53270      137.82010     0.71790
   410 N.OMCH        36.49460      137.72390     1.07000
   411 N.OMYH        36.46800      137.86910     0.63805
   412 N.KMDH        36.46630      138.14740     0.29043
   413 N.IKSH        36.45980      137.96370     0.38290
   414 N.CHHH        36.40220      138.02080     0.62305
   415 N.HOTH        36.38240      137.82010     0.61340
   416 N.AAKH        36.37260      137.92030     0.48305
   417 N.MYTH        36.33080      138.49670     0.13448
   418 N.AHMH        36.31370      137.80720     0.98200
   419 N.MANH        36.31270      138.01670     0.80000
   420 N.ATYH        36.30360      137.93900     0.49305
   421 N.TKSH        36.28590      138.24910     0.50351
   422 N.MMOH        36.25780      137.98980     0.53850
   423 N.MSTH        36.25410      137.85910     0.41651
   424 N.MWDH        36.21180      137.91400     0.56205
   425 N.MNYH        36.19870      138.01220     0.83000
   426 N.MAZH        36.18680      137.80300     0.76000
   427 N.USDH        36.18440      138.56110     0.97000
   428 N.SAKH        36.14250      138.55040     0.75848
   429 N.SOJH        36.11840      137.93890     0.50090
   430 N.SSWH        36.10880      138.12970     0.98721
   431 N.NGWH        36.06400      137.68490     0.99240
   432 N.TONH        36.04670      137.99170     0.88860
   433 N.SSGH        36.02330      138.14000     0.81100
   434 N.TTNH        36.00880      137.93050     0.71843
   435 N.SUYH        35.97720      138.06360     0.96470
   436 N.KWKH        35.97350      138.58450     1.07348
   437 N.MMKH        35.96960      138.47970     1.11251
   438 N.KSOH        35.96320      137.76690     0.85471
   439 N.CHNH        35.94650      138.18480     0.62140
   440 N.KADH        35.93240      137.59500     1.04848
   441 N.FMIH        35.91570      138.30520     1.03081
   442 N.INHH        35.83150      137.92360     0.58798
   443 N.HSEH        35.79460      138.08240     0.71848
   444 N.AGMH        35.78700      137.71730     0.79348
   445 N.KGNH        35.75500      137.96880     0.63000
   446 N.MTKH        35.61520      137.87970     0.60648
   447 N.NGIH        35.60560      137.61050     0.32648
   448 N.TKGH        35.51430      137.87670     0.29751
   449 N.ACHH        35.47860      137.73500     0.75871
   450 N.AC2H        35.47860      137.73460     0.70340
   451 N.IIDH        35.44890      138.00580     1.06308
   452 N.HRYH        35.30950      137.62610     0.85751
   453 N.MSNH        35.29860      137.92680     0.32698
   454 N.KOKH        36.37790      137.37160     0.80843
   455 N.SRWH        36.27430      136.89790     0.32520
   456 N.KTRH        36.24930      137.51740     0.70844
   457 N.FRKH        36.24480      137.19830     0.46964
   458 N.TMAH        36.13380      137.22080     0.51894
   459 N.ASNH        36.09400      137.34380     0.68840
   460 N.SYKH        36.06540      136.94790     0.73800
   461 N.ASSH        36.02160      137.39060     0.80840
   462 N.TSUH        35.95140      136.87320     0.50840
   463 N.MZEH        35.89910      137.14950     0.46140
   464 N.YMTH        35.83230      136.96210     0.41308
   465 N.GR2H        35.79910      137.25310     0.22574
   466 N.GERH        35.73060      137.30210     0.62000
   467 N.ITDH        35.72350      136.78470     0.24848
   468 N.KAYH        35.66820      137.10540     0.33344
   469 N.MNMH        35.66650      136.96180    -0.03160
   470 N.HSKH        35.64010      137.31870     0.22189
   471 N.NEOH        35.63250      136.61340     0.06658
   472 N.SKUH        35.60330      136.41340     0.15241
   473 N.TNMH        35.52140      136.61270    -0.02902
   474 N.TKTH        35.50380      136.79390    -0.17377
   475 N.YOTH        35.48650      137.24640     0.46143
   476 N.NTGH        35.45710      137.47060     0.03798
   477 N.MKMH        35.45270      137.00400    -0.11652
   478 N.KSGH        35.41790      136.43470     0.30800
   479 N.KMHH        35.41210      136.87640    -0.06702
   480 N.KIDH        35.29530      136.47320    -0.04802
   481 N.HMAH        35.27680      136.70020    -1.49505
   482 N.KSHH        35.26080      137.40580     0.34254
   483 N.SONH        35.30700      138.19730     0.77645
   484 N.HTNH        35.30290      138.20760     0.84000
   485 N.SSNH        35.26550      138.80690     0.90000
   486 N.FJMH        35.23630      138.59390    -0.05887
   487 N.MS2H        35.22330      137.91810     0.43648
   488 N.SBKH        35.20280      138.56590    -0.22550
   489 N.MSKH        35.19810      137.93590     0.77035
   490 N.SUMH        35.17240      138.12360     0.32000
   491 N.NMZH        35.16090      138.84310     0.10932
   492 N.SZUH        35.13040      138.42430     0.42000
   493 N.SIZH        35.11470      138.32670     0.07728
   494 N.HKWH        35.09660      138.13510     0.33879
   495 N.KNIH        35.08540      138.97790    -0.10147
   496 N.NRYH        35.06320      138.95970    -0.08957
   497 N.HTSH        35.04180      139.16860    -0.07444
   498 N.HT2H        35.04170      139.16850    -0.09183
   499 N.KMTH        35.03310      138.21460     0.04238
   500 N.SOSH        35.01460      138.35260    -0.05352
   501 N.TT2H        35.00860      137.84090     0.22045
   502 N.TATH        35.00500      137.79680     0.30830
   503 N.SZJH        34.97560      138.91280     0.04548
   504 N.SMSH        34.97390      138.49240    -0.22051
   505 N.HDAH        34.96790      138.80170    -0.04557
   506 N.HD2H        34.96780      138.80210    -0.03532
   507 N.OKBH        34.95330      138.25060    -0.03080
   508 N.ITOH        34.95210      139.13790    -0.08246
   509 N.ITHH        34.94670      139.08550    -0.16146
   510 N.KNEH        34.93980      138.07670     0.04148
   511 N.JIZH        34.91610      138.99360     0.25500
   512 N.FJEH        34.91420      138.20080    -0.01252
   513 N.TNRH        34.91100      137.88210     0.08537
   514 N.KG3H        34.87690      138.01750     0.08051
   515 N.KGWH        34.86590      138.01910     0.06517
   516 N.MRIH        34.86010      137.94240    -0.14195
   517 N.INSH        34.83430      137.66160    -0.28227
   518 N.MKBH        34.80500      137.51090    -0.03934
   519 N.NS2H        34.79880      138.77240     0.02549
   520 N.FKRH        34.79480      137.90340    -0.42878
   521 N.NSIH        34.79030      138.80090    -0.42959
   522 N.KWZH        34.78320      138.97000     0.02649
   523 N.SMDH        34.74090      138.93120    -0.01771
   524 N.ARIH        34.69130      137.56040    -0.44548
   525 N.OHSH        34.68590      138.01240    -0.06484
   526 N.MIZH        34.67490      138.83400    -0.05047
   527 N.HMMH        34.66830      137.74410    -1.00652
   528 N.HMOH        34.63420      138.15610    -0.06330
   529 N.KGIH        35.30590      137.05700     0.06248
   530 N.ASHH        35.21940      137.40390     0.42043
   531 N.KYSH        35.21770      136.85090    -0.73367
   532 N.NGKH        35.18420      137.04740    -0.14852
   533 N.TYEH        35.18400      137.72680     0.65249
   534 N.STRH        35.15430      137.53500     0.55250
   535 N.ASUH        35.13920      137.33590     0.02883
   536 N.TOEH        35.08140      137.72080     0.25000
   537 N.SMYH        35.03980      137.31250     0.30210
   538 N.HOUH        35.00020      137.62430     0.06000
   539 N.OKZH        34.96350      137.23770     0.09852
   540 N.TDEH        34.95120      137.41140     0.44350
   541 N.ANJH        34.93190      137.05680    -1.04500
   542 N.NUKH        34.91890      137.29930    -0.01000
   543 N.SSRH        34.89760      137.48760    -0.04651
   544 N.TKNH        34.88860      136.87630    -0.34400
   545 N.TK2H        34.88060      136.83160    -0.99782
   546 N.HAZH        34.78840      137.10570    -0.39152
   547 N.THNH        34.78530      137.43930    -0.17148
   548 N.MCTH        34.74010      136.93850    -0.08151
   549 N.TYHH        34.66430      137.39020    -0.30152
   550 N.ABNH        34.63250      137.23130     0.04000
   551 N.ATMH        34.61580      137.04190    -0.29500
   552 N.YOKH        34.98490      136.45630     0.15008
   553 N.GNOH        34.82240      136.42450    -0.12300
   554 N.OYMH        34.76620      136.28350     0.07994
   555 N.URSH        34.54700      136.36920     0.17908
   556 N.MASH        34.54240      136.50330    -0.11600
   557 N.MGWH        34.35800      136.32930     0.02800
   558 N.WATH        34.35320      136.58660    -0.02092
   559 N.SMAH        34.25440      136.82160    -0.19800
   560 N.OWSH        34.06370      136.16890    -0.01600
   561 N.KHOH        33.76440      135.99690    -0.01100
   562 N.OTUH        35.24820      135.86710     0.20500
   563 N.TAGH        35.23830      136.35990     0.51000
   564 N.HNOH        34.96380      136.26100     0.12008
   565 N.SGRH        34.85300      136.03160     0.16008
   566 N.INEH        35.71010      135.24960    -0.17300
   567 N.AMNH        35.68140      135.02680    -0.14659
   568 N.NDGH        35.52430      135.12430    -0.14100
   569 N.FKCH        35.31300      135.13340    -0.26100
   570 N.MYMH        35.26850      135.55080     0.08900
   571 N.KMEH        35.04690      135.48460     0.07341
   572 N.KYTH        35.00940      135.73040    -0.67370
   573 N.KMMH        34.89830      135.74610    -0.79057
   574 N.KTNH        34.76300      135.70520     0.04000
   575 N.OSKH        34.71590      135.51990    -1.00161
   576 N.KNHH        34.66280      135.38960    -1.99318
   577 N.TISH        34.52480      135.66080     0.02899
   578 N.TJRH        34.39770      135.28360    -1.49498
   579 N.KSMH        35.62080      134.65660     0.12908
   580 N.MROH        35.46970      134.59530     0.12341
   581 N.IZSH        35.45740      134.86210    -0.08742
   582 N.SNTH        35.29250      134.90710    -0.02000
   583 N.HAGH        35.21930      134.52370     0.26500
   584 N.KAMH        35.10060      134.90370     0.04508
   585 N.SSYH        35.07080      135.28110     0.11793
   586 N.NKOH        35.06710      134.42340     0.10200
   587 N.YMSH        35.03220      134.67010     0.06000
   588 N.SGUH        34.93130      134.54230    -0.02992
   589 N.TJOH        34.90820      135.08440     0.04000
   590 N.KMGH        34.89950      134.32840    -0.02000
   591 N.KKGH        34.81660      134.80800    -0.08340
   592 N.AIOH        34.79340      134.47970    -0.13992
   593 N.MHRH        34.29370      134.79410    -0.04000
   594 N.YZEH        34.64130      136.05120     0.17568
   595 N.TRIH        34.58430      135.85410     0.02841
   596 N.HYSH        34.42370      136.02940     0.28908
   597 N.KRTH        34.30610      135.83690     0.28705
   598 N.KAWH        34.29250      136.00220     0.25805
   599 N.TKEH        33.96920      135.85740     0.38000
   600 N.TKWH        33.96660      135.64890     0.68000
   601 N.NAGH        34.32280      135.44830     0.44752
   602 N.WKYH        34.28680      135.07140    -0.19492
   603 N.HNZH        34.13730      135.53690     0.30000
   604 N.NKMH        34.13140      135.32440     0.02000
   605 N.HRKH        33.98040      135.21220    -0.04000
   606 N.INMH        33.82520      135.21760    -0.06000
   607 N.OTOH        33.69480      135.59530     0.11800
   608 N.KTDH        33.68940      135.43960    -0.07820
   609 N.NKTH        33.60720      135.86190    -0.06992
   610 N.SSMH        33.55590      135.54540     0.03004
   611 N.IAMH        35.57290      134.34260    -0.13792
   612 N.AKSH        35.46680      133.63070    -0.09445
   613 N.KWHH        35.39460      134.19880    -0.07156
   614 N.SKGH        35.36490      133.74860     0.03344
   615 N.MZKH        35.35530      133.49180     0.22008
   616 N.CHZH        35.26040      134.21730     0.02953
   617 N.HINH        35.23130      133.39090     0.31008
   618 N.MHSH        35.55790      133.30040    -0.19200
   619 N.KSIH        35.52320      133.02260    -0.08356
   620 N.HIRH        35.42590      132.80080    -0.17100
   621 N.KACH        35.34220      132.89890    -0.05506
   622 N.HKTH        35.29630      133.26040     0.06908
   623 N.SDAH        35.22430      132.72230     0.00908
   624 N.NITH        35.22350      133.08560     0.23908
   625 N.YSDH        35.16340      132.85580     0.27900
   626 N.OOCH        35.09180      132.53080     0.13955
   627 N.GOTH        35.00870      132.30690    -0.00100
   628 N.KNGH        34.88390      132.20260     0.05955
   629 N.IWAH        34.88010      132.42080     0.20008
   630 N.HSMH        34.86970      132.63960     0.06455
   631 N.MITH        34.69400      132.04020     0.08155
   632 N.HIKH        34.57250      132.01220     0.06008
   633 N.MICH        34.39040      131.89250     0.14800
   634 N.KSBH        35.28260      133.92630     0.29500
   635 N.YBRH        35.18090      133.67650     0.30500
   636 N.OHAH        35.09990      134.31900     0.07953
   637 N.SYOH        35.07320      134.11620    -0.07147
   638 N.SGOH        35.04930      133.31690     0.46350
   639 N.HKBH        34.93630      133.62050     0.11717
   640 N.TTAH        34.91030      133.40550     0.33000
   641 N.TKBH        34.86840      133.85270     0.22000
   642 N.OKYH        34.77830      133.78900    -0.10047
   643 N.SETH        34.75010      134.07020    -0.17057
   644 N.HNSH        34.72830      134.27440    -0.10118
   645 N.BSEH        34.67560      133.52830     0.28500
   646 N.MABH        34.64290      133.68610    -0.05052
   647 N.TAMH        34.50700      133.89050    -0.19047
   648 N.KTWH        34.91370      132.91230     0.23900
   649 N.JNSH        34.82250      133.16740     0.48908
   650 N.GEIH        34.74710      132.37940     0.61200
   651 N.KSAH        34.70160      132.95240     0.23400
   652 N.YSHH        34.66290      132.66890     0.17840
   653 N.HRSH        34.58100      132.42950     0.20908
   654 N.TGUH        34.57160      132.23260     0.16140
   655 N.KNBH        34.55660      133.41790    -0.18000
   656 N.DWAH        34.54820      132.94800     0.25948
   657 N.MIGH        34.51830      133.13750    -0.04100
   658 N.HHIH        34.45720      132.79230     0.13340
   659 N.HISH        34.41220      132.39070    -0.05160
   660 N.SKIH        34.39350      132.16110     0.25000
   661 N.NMKH        34.37850      133.34930    -0.17500
   662 N.MIHH        34.37360      133.02360    -0.17147
   663 N.KURH        34.28830      132.64110     0.12800
   664 N.OKMH        34.20900      132.40630    -0.06160
   665 N.KRHH        34.11610      132.50530     0.07840
   666 N.TMGH        34.62570      131.66810    -0.09000
   667 N.MTMH        34.48370      131.63290     0.16500
   668 N.HGIH        34.39790      131.37740    -0.09660
   669 N.NGTH        34.34080      131.17700    -0.15947
   670 N.MTOH        34.21760      131.35970     0.04706
   671 N.TKJH        34.20910      131.68590    -0.08000
   672 N.MKWH        34.19740      131.99430    -0.13500
   673 N.IKNH        34.18910      132.12600    -0.11500
   674 N.TYUH        34.13490      130.93230    -0.15600
   675 N.KIKH        34.11490      131.05060    -0.17000
   676 N.MNEH        34.11110      131.14340    -0.13000
   677 N.HOFH        34.04940      131.56180    -0.16500
   678 N.SYTH        34.02700      132.06260     0.07300
   679 N.UBEH        33.98930      131.30120    -0.12000
   680 N.TKUH        33.97250      131.81490    -0.01160
   681 N.TOHH        33.92910      132.40460    -0.09660
   682 N.KNSH        33.82600      132.10400    -0.04260
   683 N.SADH        34.01120      134.09180     0.08900
   684 N.IKWH        33.99970      133.89330     0.44648
   685 N.TOKH        33.99020      134.53370    -0.09143
   686 N.KYDH        33.87780      134.12950     0.44900
   687 N.HWSH        33.77510      134.49940     0.05400
   688 N.KNNH        33.66280      134.31560    -0.10443
   689 N.UUMH        34.45720      134.32410    -0.41452
   690 N.MKIH        34.27000      134.14820    -0.05160
   691 N.OHCH        34.22640      134.30430    -0.07100
   692 N.AYKH        34.21860      133.94930    -0.02887
   693 N.MNOH        34.19800      133.70810    -0.19597
   694 N.MYKH        34.19180      133.05810    -0.09660
   695 N.SINH        33.91540      133.64970     0.20395
   696 N.TBRH        33.90230      133.06580    -0.18600
   697 N.SJOH        33.86500      133.18400    -0.03600
   698 N.TBEH        33.71120      132.80320     0.00500
   699 N.OOZH        33.58070      132.60110     0.10840
   700 N.YNDH        33.53880      133.00160     0.35400
   701 N.KWBH        33.50220      132.74800     0.08900
   702 N.IKTH        33.47190      132.30720    -0.14600
   703 N.UWAH        33.42700      132.50550     0.09843
   704 N.MISH        33.37190      132.11570    -0.21352
   705 N.HIYH        33.33480      132.79800     0.02900
   706 N.TSMH        33.05560      132.55520     0.27400
   707 N.MTYH        33.75430      133.57600     0.09648
   708 N.GHKH        33.70790      133.36410     0.48900
   709 N.KHUH        33.67480      133.82430     0.08848
   710 N.IKKH        33.64720      133.14440     0.16000
   711 N.KTGH        33.54210      134.11970     0.02900
   712 N.INOH        33.53130      133.43880    -0.09242
   713 N.GSIH        33.52940      133.81920    -0.13182
   714 N.SSKH        33.39200      133.28660    -0.10000
   715 N.MURH        33.28660      134.16030    -0.21152
   716 N.TSYH        33.26830      132.98910     0.16900
   717 N.NAKH        33.07540      132.95240    -0.06900
   718 N.OOTH        32.84140      132.70660    -0.04600
   719 N.TSSH        32.77970      132.97180    -0.09652
   720 N.KKYH        33.88530      130.97950    -0.18800
   721 N.GENH        33.85010      130.54320    -0.17660
   722 N.WKMH        33.69630      130.59630    -0.02580
   723 N.BZNH        33.59250      131.13480    -0.26900
   724 N.UMIH        33.56080      130.54990     0.08500
   725 N.KAHH        33.55120      130.74510    -0.04000
   726 N.SGWH        33.52930      130.95030     0.26953
   727 N.KIWH        33.46540      130.82850     0.37908
   728 N.TARH        33.36740      130.63550    -0.42292
   729 N.UKHH        33.28910      130.81700    -0.01152
   730 N.CZEH        33.50800      129.88770    -0.08356
   731 N.FJIH        33.40980      130.23290     0.27104
   732 N.HSFH        33.36520      130.40490    -0.14594
   733 N.IMRH        33.26560      129.87980    -0.07305
   734 N.SRIH        33.18050      130.10480    -0.19155
   735 N.SBNH        33.21220      129.76520     0.02700
   736 N.HRDH        33.21160      129.43530    -0.17800
   737 N.SBSH        33.12560      129.81020    -0.19100
   738 N.KKIH        32.95530      129.80260    -0.09800
   739 N.TKKH        32.91030      130.14080    -0.17200
   740 N.NGSH        32.69990      129.86250    -0.04600
   741 N.OGNH        33.12200      131.06290     0.30600
   742 N.KHKH        33.10890      130.69490    -0.02570
   743 N.AS2H        33.00310      131.00710     0.85199
   744 N.KKCH        32.99820      130.83000    -0.02100
   745 N.TMNH        32.98730      130.56080    -0.04652
   746 N.NMNH        32.95530      131.22070     0.59153
   747 N.HKSH        32.81140      131.10100     0.38005
   748 N.MSIH        32.79670      130.81990    -0.19852
   749 N.YABH        32.65010      131.02510     0.34553
   750 N.TYNH        32.63440      130.75210    -0.04092
   751 N.MSMH        32.62340      130.55840    -0.27892
   752 N.IZMH        32.49010      130.90460     0.41854
   753 N.SNWH        32.31520      130.18110    -0.14091
   754 N.ASKH        32.29180      130.57770    -0.20092
   755 N.UWEH        32.22090      130.90960    -0.00347
   756 N.HYOH        32.20520      130.73700    -0.01891
   757 N.MMTH        32.17040      130.36470    -0.09592
   758 N.AKIH        33.47320      131.68590    -0.36294
   759 N.YMGH        33.45810      131.44290     0.06718
   760 N.YGNH        33.41220      131.03260     0.05133
   761 N.KKEH        33.28440      131.21180     0.29848
   762 N.NTHH        33.15250      131.54200     0.06218
   763 N.SNIH        33.13060      131.34730     0.27268
   764 N.MIEH        32.98700      131.58810     0.06118
   765 N.TAKH        32.97260      131.39840     0.15908
   766 N.SIKH        32.92780      131.86950    -0.01782
   767 N.UMEH        32.84860      131.67860     0.09218
   768 N.UMWH        32.83920      131.53570     0.16118
   769 N.KIGH        32.69720      131.68290    -0.19176
   770 N.GKSH        32.65360      131.22570     0.50093
   771 N.MRTH        32.51810      131.33490     0.14849
   772 N.NOBH        32.50600      131.69580    -0.09952
   773 N.SBAH        32.47540      131.10430     0.31749
   774 N.HYGH        32.36540      131.58930    -0.02796
   775 N.TGOH        32.36070      131.46430    -0.00151
   776 N.NANH        32.34700      131.26680     0.25149
   777 N.KWMH        32.21310      131.53070    -0.14841
   778 N.NRAH        32.19870      131.19460     0.13353
   779 N.SUKH        32.04210      131.06180     0.23353
   780 N.KTMH        32.02180      131.29000    -0.02147
   781 N.SDWH        32.02080      131.47000    -0.20181
   782 N.MJNH        31.86430      130.94540     0.42249
   783 N.MJSH        31.73010      131.07910     0.03353
   784 N.NCNH        31.56490      131.35100    -0.19751
   785 N.NSMH        32.15540      130.11910    -0.18808
   786 N.AKNH        31.99400      130.20770    -0.16119
   787 N.MYJH        31.98120      130.44380     0.00916
   788 N.KDIH        31.86990      130.49580    -0.03461
   789 N.SENH        31.83740      130.36020    -0.08703
   790 N.AIRH        31.71400      130.61490    -0.29655
   791 N.KORH        31.69880      130.45940    -0.07288
   792 N.OSUH        31.56180      130.99690    -0.05405
   793 N.KYAH        31.40050      130.85410    -0.06252
   794 N.CRNH        31.37410      130.43330     0.01789
   795 N.UCNH        31.25830      131.08770     0.11408
   796 N.YKWH        31.20660      130.61830    -0.12321
   797 N.SATH        31.08990      130.69900    -0.11408
